  1.0000000e+000  3.0315356e+000  2.9946528e+000  3.1981710e+000  3.7863562e+000  3.3352611e+000  3.2230179e+000  3.3865961e+000  3.0514518e+000  1.5878698e+000  4.1251678e+000
  2.0000000e+000  2.1018671e+000  3.6146066e+000  2.0093156e+000  3.1976884e+000  3.9375378e+000  3.9830697e+000  5.5745875e+000  1.9026510e+000  3.4354780e+000  4.7649260e+000
  1.0000000e+000  1.1692868e+000  3.4977759e+000  2.6072630e+000  2.5771319e+000  4.3010327e+000  3.7686564e+000  2.0991296e+000  3.5506343e+000  2.5100092e+000  4.2027822e+000
  1.0000000e+000  2.8561839e+000  4.0811301e+000  2.8852340e+000  3.6583755e+000  4.0867885e+000  3.2493916e+000  2.0320439e+000  4.0597825e+000  2.1306193e+000  3.9011410e+000
  1.0000000e+000  2.7050696e+000  3.0656960e+000  4.2928260e+000  3.8765725e+000  2.9848923e+000  3.4662563e+000  3.0966495e+000  1.8573064e+000  2.9037260e+000  2.3527907e+000
  2.0000000e+000  4.0577101e+000  2.0209838e+000  4.6856900e+000  1.9681198e+000  2.9326473e+000  3.6568178e+000  3.0278593e+000  3.9422151e+000  2.3865287e+000  2.1298946e+000
  1.0000000e+000  3.4853640e+000  3.6456494e+000  3.7561459e+000  2.7349269e+000  1.6281566e+000  3.1660579e+000  2.4082777e+000  4.3190421e+000  2.1536086e+000  3.2773825e+000
  2.0000000e+000  1.4866734e+000  2.0294469e+000  2.8304152e+000  1.9400573e+000  3.0526786e+000  3.5187713e+000  2.3353955e+000  3.3483742e+000  4.7771878e+000  3.2057060e+000
  2.0000000e+000  2.5776996e+000  4.3477058e+000  2.3197357e+000  3.6191513e+000  2.8786292e+000  2.2667998e+000  2.3750779e+000  2.5733009e+000  3.5647270e+000  2.5108753e+000
  1.0000000e+000  4.6793932e+000  3.2039432e+000  3.7889767e+000  3.8741109e+000  3.8893195e+000  3.0796009e+000  3.6819616e+000  1.6578221e+000  3.0723018e+000  2.8251225e+000
  2.0000000e+000  3.9430457e+000  3.4662531e+000  1.5599963e+000  4.0963879e+000  4.0751353e+000  4.0410576e+000  2.8330084e+000  2.7015974e+000  2.8488730e+000  1.8841079e+000
  2.0000000e+000  2.8399883e+000  3.7859480e+000  3.2844983e+000  3.3778027e+000  2.8741336e+000  2.1253830e+000  8.0954263e-001  3.7894151e+000  4.4396121e+000  1.1084104e+000
  1.0000000e+000  4.4566766e+000  2.8216253e+000  4.3834125e+000  3.7357903e+000  4.5160566e+000  3.5368148e+000  2.6777988e+000  1.9916575e+000  2.1438263e+000  3.2441791e+000
  1.0000000e+000  8.4805292e-001  2.5467859e+000  3.3555292e+000  2.0857943e+000  2.3962777e+000  3.0873368e+000  3.6703656e+000  2.2644754e+000  2.3842827e+000  3.0257931e+000
  1.0000000e+000  3.0934310e+000 -2.6614268e-001  2.5393439e+000  3.6211976e+000  2.5988417e+000  3.6852559e+000  2.9897774e+000  2.8104302e+000  3.9031671e+000  1.3153873e+000
  1.0000000e+000  4.7369847e+000  3.5446881e+000  4.2877250e+000  3.6617908e+000  3.0141711e+000  3.0813916e+000  2.8950710e+000  2.6355254e+000  4.6924239e-001  3.6299027e+000
  2.0000000e+000  3.4707705e+000  3.8050137e+000  3.9008354e+000  1.7104164e+000  3.1518987e+000  2.4020064e+000  3.2816802e+000  4.2157752e+000  4.2154331e+000  2.4679699e+000
  2.0000000e+000  2.0631745e+000  2.3232263e+000  4.1874247e+000  1.9795862e+000  3.3590485e+000  2.9028503e+000  2.2348988e+000  2.6113458e+000  4.1717949e+000  3.4824194e+000
  2.0000000e+000  4.5772266e+000  4.7305409e+000  2.8046978e+000  1.9142620e+000  2.4977176e+000  9.3384721e-001  1.9369570e+000  3.5186861e+000  3.8801066e+000  2.6963201e+000
  2.0000000e+000  2.7363253e+000  2.9286575e+000  7.5474941e-001  3.2106119e+000  2.1089695e+000  2.3117102e+000  3.2957743e+000  2.7356737e+000  1.3903680e+000  1.6182836e+000
  2.0000000e+000  3.3164275e+000  2.0569479e+000  2.8976765e+000  1.9389585e+000  1.7401001e+000  1.5083108e+000  2.1752886e+000  2.3931129e+000  3.1642564e+000  3.5322355e+000
  2.0000000e+000  3.0389129e+000  4.0612319e+000  4.9474608e+000  1.7858153e+000  3.5608634e+000  2.5979577e+000  1.8690204e+000  3.6100186e+000  3.0061141e+000  1.9369810e+000
  2.0000000e+000  2.2156392e+000  3.2290068e+000  1.2260937e+000  3.2218440e+000  3.0769353e+000  4.0213709e+000  2.4607007e+000  3.6907119e+000  4.1543764e+000  2.7991345e+000
  2.0000000e+000  1.7756624e+000  2.1392611e+000  3.7368681e+000  2.7508801e+000  2.9888381e+000  4.6644239e+000  2.3087789e+000  2.5513548e+000  2.2338017e+000  2.4164844e+000
  2.0000000e+000  3.4599600e+000  2.7274704e+000  2.4017362e+000  3.8040770e+000  4.0113896e+000  2.2049750e+000  3.4662503e+000  4.6305831e+000  3.8760251e+000  3.3919586e+000
  2.0000000e+000  4.6948893e+000  1.5611219e+000  3.8265119e+000  2.6459163e+000  1.8975827e+000  1.3122546e+000  2.2439717e+000  2.8014698e+000  3.4302539e+000  2.3143452e+000
  1.0000000e+000  1.2947199e+000  3.4217905e+000  3.2530453e+000  3.0057632e+000  3.5327845e+000  3.3349513e+000  3.7962727e+000  2.3221613e+000  3.0726336e+000  3.7053834e+000
  2.0000000e+000  3.8094479e+000  4.5546223e+000  1.5750228e+000  2.8025180e+000  1.2133421e+000  4.6418884e+000  2.6139959e+000  3.8682675e+000  2.6979720e+000  3.7178045e+000
  2.0000000e+000  3.4716970e+000  2.6036910e+000  3.5938186e+000  2.7609710e+000  2.1702119e+000  6.8421253e-001  1.0412461e+000  3.2879951e+000  4.2569239e+000  2.3971527e+000
  2.0000000e+000  2.0006601e+000  3.3200605e+000  3.9082632e+000  1.8707770e+000  2.5828639e+000  2.7113687e+000  2.2685344e+000  3.3550433e+000  3.1145943e+000  4.0460978e+000
  2.0000000e+000  3.6140457e+000  3.1341809e+000  1.7708623e+000  2.6817773e+000  3.5501916e+000  2.5842172e+000  2.9794254e+000  2.6962160e+000  7.2141717e-001  2.2457377e+000
  2.0000000e+000  3.5410425e+000  2.8895508e+000  4.6148101e+000  3.6006160e+000  3.4547957e+000  5.3603893e+000  3.1490717e+000  2.0113755e+000  2.3703133e+000  2.4722581e+000
  2.0000000e+000  3.2616147e+000  2.9678401e+000  1.9957137e+000  1.3652729e+000  3.2348148e+000  2.2360713e+000  2.2720243e+000  3.0464281e+000  4.2538328e+000  3.9898565e+000
  2.0000000e+000  2.7125794e+000  1.3957152e+000  3.2840849e+000  5.4697385e+000  3.2169536e+000  2.7931829e+000  3.3876063e+000  2.8058852e+000  2.0498846e+000  1.9602309e+000
  1.0000000e+000  3.9158009e+000  2.1400561e+000  3.5568565e+000  3.6996297e+000  2.4578092e+000  3.0190338e+000  3.4101463e+000  3.1420486e+000  3.9357571e+000  2.7133105e+000
  2.0000000e+000  3.0607504e+000  2.6076019e+000  3.2269846e+000  6.1390952e+000  2.7220221e+000  1.4824730e+000  2.9611261e+000  2.0106522e+000  2.6751668e+000  2.1213967e+000
  2.0000000e+000  2.2567698e+000  2.8824081e+000  2.4615305e+000  2.0892189e+000  2.0742352e+000  5.2722558e+000  4.3642505e+000  4.5120107e+000  3.1594297e+000  2.7146004e+000
  2.0000000e+000  1.7965830e+000  2.4833453e+000  4.6062972e+000  1.9090793e+000  1.6995991e+000  2.0175543e+000  3.0873315e+000  2.1653898e+000  1.2454441e+000  8.1560218e-001
  2.0000000e+000  3.1953400e+000  2.8928609e+000  4.8369598e+000  3.1273773e+000  2.6018785e+000  2.4882611e+000  3.6217149e+000  3.6328907e+000  3.3273605e+000  4.7149969e+000
  2.0000000e+000  2.8160138e+000  2.7587982e+000  3.0961163e+000  2.7328053e+000  1.4031801e+000  4.5840471e+000  2.5095692e+000  2.2918180e+000  3.5506261e+000  4.0269569e+000
  2.0000000e+000  2.8166984e+000  2.6186252e+000  3.3176389e+000  5.3251485e+000  3.7486871e+000  2.2281103e+000  3.0158509e+000  2.0243241e+000  4.0006254e+000  4.3442366e+000
  2.0000000e+000  3.0185071e+000  4.1690042e+000  3.6851913e+000  2.4430824e+000  5.1975754e+000  2.9761832e+000  2.7929092e+000  3.0996227e+000  2.2622531e+000  1.7975503e+000
  1.0000000e+000  3.8042203e+000  1.1605576e+000  3.0044634e+000  3.1216579e+000  3.2896858e+000  3.7794217e+000  1.8260434e+000  4.7211201e+000  4.9174218e+000  1.3710949e+000
  2.0000000e+000  1.1985455e+000  2.1948948e+000  2.1879635e+000  3.2038477e+000  1.2415841e+000  4.5945105e+000  3.8423926e+000  1.4080156e+000  2.0653397e+000  2.3490943e+000
  2.0000000e+000  2.4208180e+000  4.6896131e+000  4.2721385e+000  2.5512540e+000  3.4114200e+000  2.2264404e+000  4.1135076e+000  5.3256619e+000  3.7725003e+000  2.8314133e+000
  2.0000000e+000  1.0544550e+000  5.4850918e-001  4.9837332e+000  1.8898577e+000  3.7569125e+000  3.2431040e+000  3.2779463e+000  4.2530977e+000  2.2277214e+000  3.8325194e+000
  1.0000000e+000  2.9681941e+000  4.0736928e+000  3.0990274e+000  3.1464206e+000  8.1735581e-001  3.2111630e+000  2.6113712e+000  3.7696143e+000  3.9589296e+000  2.9758785e+000
  2.0000000e+000  1.7900089e+000  1.0285400e+000  3.7440993e+000  4.7399157e+000  4.3051329e+000  1.9637160e+000  2.8535350e+000  1.4292837e+000  5.3667498e+000  2.2949863e+000
  2.0000000e+000  2.5745677e+000  4.0306247e+000  4.1949625e+000  3.4472118e+000  1.9681072e+000  2.0517038e+000  2.5391384e+000  2.5466105e+000  4.2423717e+000  4.1573463e+000
  2.0000000e+000  2.3987721e+000  3.0735745e+000  9.3121688e-001  3.2841825e+000  4.9122694e+000  2.5825794e+000  2.6576678e+000  3.3900770e+000  3.7922050e+000  2.7607783e+000
  2.0000000e+000  3.6520720e+000  4.3656661e+000  3.1907495e+000  3.0722501e+000  2.8184118e+000  6.5121936e-001  2.1235164e+000  1.1345989e+000  1.4719766e+000  3.6617737e+000
  2.0000000e+000  4.0786285e+000  2.9109471e+000  3.1444286e+000  3.7988869e+000  2.1746324e+000  2.8040656e+000  2.8890539e+000  2.8723790e+000  3.7913721e+000  2.7764018e+000
  2.0000000e+000  3.9747289e+000  3.2757968e+000  2.4015615e+000  2.5526706e+000  2.3430417e+000  4.1807135e+000  2.2125230e+000  3.6702746e+000  2.1334730e+000  3.0610862e+000
  1.0000000e+000  2.5585296e+000  3.7995582e+000  2.2783861e+000  3.3815651e+000  2.5868404e+000  3.1885064e+000  3.7419560e+000  5.3673023e+000  2.7634437e+000  4.4373108e+000
  2.0000000e+000  4.1375302e+000  3.1480304e+000  2.8992544e+000  1.8235293e+000  3.4629500e+000  1.3818799e+000  1.9890733e+000  4.2816373e+000  3.0160178e+000  3.7047993e+000
  2.0000000e+000  2.9228185e+000  3.0497011e+000  2.9201468e+000  3.7527020e+000  3.0070092e+000  5.2881273e+000  4.0009064e+000  2.9654717e+000  2.6168361e+000  2.9524894e+000
  2.0000000e+000  3.2757695e+000  3.5927589e+000  3.5539070e+000  4.8779396e+000  3.5416883e+000  2.7293246e+000  4.5606564e+000  2.3302282e+000  2.8139973e+000  3.1434971e+000
  2.0000000e+000  2.7989930e+000  3.4124111e+000  3.5834279e+000  3.2840728e+000  3.1674377e+000  2.8391136e+000  2.1525649e+000  2.1434223e+000  2.7237710e+000  2.4302586e+000
  1.0000000e+000  3.3638814e+000  6.0013686e-001  2.5175525e+000  2.9423778e+000  2.5762022e+000  3.8164839e+000  1.2985165e+000  3.1096491e+000  3.7407929e+000  3.2750883e+000
  2.0000000e+000  2.1217150e+000  3.4484235e+000  4.0945905e+000  4.0396961e+000  2.9243443e+000  1.9668720e+000  2.8299299e+000  3.2017663e+000  3.7999961e+000  2.7757429e+000
  2.0000000e+000  4.3704930e+000  6.0526216e+000  1.6885255e+000  4.4678248e+000  4.0457623e+000  3.5915511e+000  3.9832570e+000  2.5539392e+000  3.8370138e+000  3.6691728e+000
  2.0000000e+000  3.8241199e+000  3.4393718e+000  1.5760195e+000  2.0347378e+000  3.1785891e+000  3.6102045e+000  3.8302885e+000  4.5057939e+000  4.4828370e+000  3.9466534e+000
  2.0000000e+000  3.7653643e+000  2.4909838e+000  4.6932383e+000  5.0396722e+000  4.3804072e+000  3.7015612e+000  2.4278251e+000  3.7040938e+000  3.5806530e+000  2.0810245e+000
  2.0000000e+000  3.3534680e+000  2.4531109e+000  2.2793843e+000  1.8239980e+000  4.7140702e+000  1.6027247e+000  2.2884011e+000  4.4565372e+000  1.7057438e+000  2.0663955e+000
  2.0000000e+000  1.0781887e+000  3.4712787e+000  1.2250929e+000  4.2262117e+000  2.3466210e+000  3.7315817e+000  2.8733875e+000  5.0841539e+000  2.3317325e+000  2.0057020e+000
  2.0000000e+000  2.1396316e+000  3.1789131e+000  2.2619373e+000  3.9478386e+000  3.5612651e+000  2.7769291e+000  2.7342044e+000  4.2319858e+000  2.4070795e+000  1.4489218e+000
  2.0000000e+000  2.3554240e+000  2.9881617e+000  4.9239974e+000  1.0907972e+000  3.5427439e+000  3.2226341e+000  4.2977904e+000  3.4493046e+000  2.6076073e+000  2.7829023e+000
  2.0000000e+000  3.4690890e+000  3.2094784e+000  4.2541275e+000  1.7344945e+000  4.5361612e+000  2.2825487e+000  1.3214933e+000  2.2264932e+000  2.7419702e+000  3.5717342e+000
  2.0000000e+000  3.1714777e+000  2.3847364e+000  4.8757903e+000  3.6065848e+000  2.6392361e+000  2.7739509e+000  2.0903244e+000  3.4255462e+000  2.6145487e+000  3.2740338e+000
  1.0000000e+000  3.8936116e+000  3.3448882e+000  4.1260075e+000  3.2003132e+000  2.5612679e+000  3.2120673e+000  2.9155417e+000  2.2313747e+000  3.7851439e+000  1.1001372e+000
  2.0000000e+000  2.6331636e+000  2.4085765e+000  3.3338484e+000  2.3195401e+000  2.8437187e+000  2.1469349e+000  1.8073601e+000  2.7437481e+000  2.8240604e+000  2.2933216e+000
  2.0000000e+000  2.2590812e+000  1.1011070e+000  2.4257697e+000  4.9684517e+000  3.2783969e+000  2.1859150e+000  3.2300007e+000  4.2455344e+000  1.5266766e+000  1.6435904e+000
  2.0000000e+000  2.8775249e+000  5.0908196e+000  2.6060538e+000  4.4689303e+000  4.0284682e+000  3.4555448e+000  3.0398170e+000  3.4430876e+000  2.5733999e+000  2.1461821e+000
  2.0000000e+000  3.0999141e+000  3.1420116e+000  3.9446062e+000  2.2150781e+000  2.2242288e+000  2.5876009e+000  1.9219717e+000  3.6551442e+000  3.6178371e+000  2.6345794e+000
  2.0000000e+000  4.7901403e+000  5.1483311e+000  2.3783209e+000  5.5287220e+000  2.9287388e+000  3.2521286e+000  4.9719776e+000  3.0409082e+000  1.2847350e+000  3.5544898e+000
  2.0000000e+000  4.8908787e+000  2.8253376e+000  3.6917990e+000  2.5278397e+000  1.6044329e+000  1.4701993e+000  4.4757710e+000  1.3378852e+000  2.8876838e+000  2.5264304e+000
  2.0000000e+000  2.4227792e+000  4.3119127e+000  2.8572675e+000  2.9107543e+000  2.8232251e+000  4.2634962e+000  4.0733203e+000  6.9686238e-001  3.1116288e+000  2.3363884e+000
  2.0000000e+000  2.1818171e+000  4.2180321e+000  3.7992440e+000  3.2282607e+000  1.5415200e+000  2.3524628e+000  2.7329827e+000  2.5015473e+000  3.2005574e+000  1.8516029e+000
  2.0000000e+000  1.5276872e+000  4.3051164e+000  2.7123119e+000  4.3729941e+000  2.6981524e+000  4.0358467e+000  2.2995080e+000  4.5456339e+000  2.6772982e+000  3.4622354e+000
  2.0000000e+000  2.3571768e-001  2.7753138e+000  3.6734340e+000  2.7926023e+000  3.8672998e+000  2.8413241e+000  3.5229002e+000  2.5685014e+000  2.8063987e+000  2.4538486e+000
  2.0000000e+000  3.6928442e+000  2.3945047e+000  2.5740949e+000  5.1844428e+000  3.1164360e+000  2.1029790e+000  3.8583918e+000  3.3216071e+000  2.7154793e+000  3.0222058e+000
  2.0000000e+000  3.0245946e+000  2.2282117e+000  2.5865986e+000  4.2886644e+000  2.1035401e+000  4.7157858e+000  1.0584339e+000  2.4783564e+000  3.7124897e+000  4.2665952e+000
  2.0000000e+000  1.4525525e+000  3.9460417e+000  3.7356730e+000  1.5823269e+000  2.6252136e+000  3.9663225e+000  4.8216664e+000  2.8711966e+000  1.8618800e+000  2.8241044e+000
  1.0000000e+000  1.4622938e+000  2.5910151e+000  3.3905728e+000  3.3401132e+000  3.3548610e+000  3.5232334e+000  3.0296109e+000  3.0694391e+000  3.2020084e+000  3.3243814e+000
  2.0000000e+000  3.3081025e+000  3.0580623e+000  4.7391544e+000  3.8262463e+000  2.4642872e+000  1.3799474e+000  3.1275254e+000  2.6775113e+000  2.6685745e+000  1.9066202e+000
  2.0000000e+000  2.9005046e+000  1.6719731e+000  2.4463864e+000  4.2442837e+000  2.8812858e+000  3.9175747e+000  2.5343125e+000  3.0668408e+000  2.6942306e+000  3.2317884e+000
  2.0000000e+000  2.7667206e+000  2.0381012e+000  2.6388133e+000  3.5729485e+000  3.5705958e+000  2.4405871e+000  3.3631474e+000  2.9602032e+000  2.3822446e+000  2.3853920e+000
  2.0000000e+000  2.6924093e+000  4.6696855e+000  1.9838826e+000  4.9358204e+000  2.0285063e+000  3.6796327e+000  1.5594970e+000  2.4928948e+000  2.5141710e+000  3.3223461e+000
  2.0000000e+000  2.9208375e+000  3.6109119e+000  4.1994110e+000  4.4787707e+000  3.0679081e+000  2.2084381e+000  3.7122968e+000  3.5177760e+000  2.2251206e+000  3.4679442e+000
  2.0000000e+000  4.2868330e+000  1.4651415e+000  4.0333416e+000  3.3774331e+000  3.3958939e+000  2.7974481e+000  1.9309600e+000  2.8053751e+000  3.2536832e+000  1.9320797e+000
  2.0000000e+000  8.5241413e-001  2.0362299e+000  4.7893318e+000  3.8629270e+000  2.4052669e+000  3.9779526e+000  2.8422755e+000  4.0734250e+000  3.0549745e+000  2.7825792e+000
  2.0000000e+000  1.6439906e+000  5.1646508e+000  2.7993736e+000  4.7589351e+000  3.7074080e+000  3.8612363e+000  3.7111164e+000  1.5601167e+000  2.8568293e+000  2.1689739e+000
  2.0000000e+000  2.8451035e+000  5.6877896e-001  1.7527508e+000  2.7754302e+000  5.2686323e+000  2.1250583e+000  2.5778156e+000  4.4851852e+000  1.5615476e+000  2.8873643e+000
  2.0000000e+000  2.7024000e+000  2.7793565e+000  2.2675568e+000  3.3138030e+000  1.9347734e+000  1.2735593e+000  3.4350103e+000  2.8593482e+000  1.1287351e+000  3.6702899e+000
  2.0000000e+000  3.8704949e+000  2.5639031e+000  5.1664126e+000  3.0502821e+000  3.3267532e+000  4.1135317e+000  3.0426176e+000  3.1725586e+000  7.0537395e-001  2.8603238e+000
  2.0000000e+000  2.3949320e+000  3.1130163e+000  1.8574307e+000  1.3646703e+000  7.7392685e-001  3.9214627e+000  1.9818376e+000  3.7776337e+000  3.4104507e+000  2.6827674e+000
  2.0000000e+000  2.7054932e+000  3.6038307e+000  4.0866251e+000  2.6474802e+000  2.7597714e+000  4.3921481e+000  3.2862645e+000  3.0780028e+000  3.1326549e+000  3.9434713e+000
  2.0000000e+000  3.3733171e+000  2.5076065e+000  1.3942625e+000  3.8392859e+000  1.6080680e+000  2.5291827e+000  3.2465473e+000  2.7590563e+000  3.9439094e+000  2.8115535e+000
  2.0000000e+000  1.9610022e+000  2.1783598e+000  1.9000491e+000  3.2625083e+000  2.6427294e+000  4.0631355e+000  3.4257273e+000  2.0551132e+000  3.1032278e+000  3.3507687e+000
  2.0000000e+000  2.3888342e+000  3.9129218e+000  4.9087798e+000  2.2961020e+000  2.9434482e+000  2.3124953e+000  3.8498738e+000  2.4771596e+000  2.1479833e+000  3.8264066e+000
